Tempo (s)	Temperatura (°C)
0.0	0.19
0.1	29.17
0.2	29.11
0.3	29.23
0.4	29.23
0.5	29.17
0.6	29.23
0.7	29.23
0.8	29.17
0.9	29.39
1.0	29.39
1.1	29.33
1.2	29.29
1.3	29.29
1.4	29.33
1.5	29.23
1.6	29.21
1.8	29.19
1.9	29.19
2.0	29.17
2.1	29.11
2.2	29.23
2.3	29.23
2.4	29.17
2.5	29.23
2.6	29.23
2.7	29.17
2.8	29.39
2.9	29.39
3.0	29.33
3.1	29.29
3.2	29.29
3.3	29.33
3.4	29.23
3.5	29.21
3.6	28.89
3.7	28.89
3.8	28.89
3.9	28.93
4.0	28.85
4.1	28.85
4.2	28.85
4.3	28.79
4.4	28.79
4.5	28.79
4.6	28.79
4.7	28.77
4.8	28.77
4.9	28.75
5.1	28.67
5.2	28.67
5.3	28.73
5.4	28.75
5.5	28.75
5.6	28.73
5.7	28.77
5.8	28.89
5.9	28.89
6.0	28.83
6.1	28.85
6.2	28.85
6.3	28.85
6.4	28.95
6.5	28.95
6.6	28.99
6.7	28.97
6.8	28.97
6.9	28.95
7.0	28.89
7.1	28.95
7.2	28.95
7.3	28.89
7.4	28.93
7.5	28.93
7.6	29.01
7.7	28.97
7.8	28.97
7.9	28.89
8.1	28.97
8.2	28.97
8.3	29.05
8.4	28.97
8.5	29.03
8.6	29.03
8.7	29.13
8.8	29.19
8.9	29.19
9.0	29.19
9.1	29.09
9.2	29.09
9.3	29.11
9.4	29.25
9.5	29.25
9.6	29.25
9.7	29.19
9.8	29.21
9.9	29.21
10.0	29.21
10.1	29.15
10.2	29.15
10.3	29.19
10.4	29.15
10.5	29.15
10.6	29.13
10.7	29.09
10.8	29.09
10.9	29.09
11.0	29.03
11.2	29.07
11.3	29.07
11.4	29.03
11.5	29.17
11.6	29.17
11.7	29.23
11.8	29.27
11.9	29.27
12.0	29.29
12.1	29.27
12.2	29.31
12.3	29.31
12.4	29.37
12.5	29.19
12.6	29.19
12.7	29.19
12.8	29.17
12.9	29.17
13.0	29.21
13.1	29.15
13.2	29.15
13.3	29.13
13.4	29.05
13.5	28.97
13.6	28.97
13.7	29.01
13.8	28.89
13.9	28.89
14.0	28.87
14.1	28.95
14.3	28.95
14.4	28.97
14.5	29.13
14.6	29.13
14.7	29.05
14.8	29.15
14.9	29.15
15.0	29.15
15.1	29.13
15.2	29.05
15.3	29.05
15.4	29.03
15.5	29.03
15.6	29.03
15.7	29.03
15.8	28.97
15.9	28.93
16.0	28.93
16.1	28.95
16.2	29.01
16.3	29.01
16.4	29.07
16.5	29.07
16.6	29.07
16.7	29.15
16.8	29.07
16.9	29.07
17.0	29.15
17.2	29.17
17.3	29.31
17.4	29.31
17.5	29.31
17.6	29.21
17.7	29.21
17.8	29.27
17.9	29.23
18.0	29.23
18.1	29.23
18.2	29.25
18.3	29.25
18.4	29.35
18.5	29.33
18.6	29.43
18.7	29.43
18.8	29.31
18.9	29.35
19.0	29.35
19.1	29.35
19.2	29.33
19.3	29.33
19.4	29.35
19.5	29.23
19.6	29.23
19.7	29.17
19.8	29.21
19.9	29.15
20.0	29.15
20.2	29.25
20.3	29.27
20.4	29.27
20.5	29.27
20.6	29.31
20.7	29.31
20.8	28.99
20.9	28.93
21.0	30.17
21.1	30.17
21.2	30.69
21.3	30.99
21.4	30.99
21.5	31.55
21.6	31.87
21.7	31.87
21.8	32.19
21.9	32.17
22.0	32.17
22.1	32.57
22.2	31.81
22.3	31.11
22.4	31.11
22.5	29.95
22.6	29.57
22.7	29.57
22.8	29.41
22.9	29.31
23.1	29.31
23.2	29.03
23.3	29.01
23.4	29.01
23.5	29.11
23.6	29.07
23.7	29.21
23.8	29.21
23.9	29.19
24.0	29.19
24.1	29.19
24.2	29.15
24.3	29.13
24.4	29.13
24.5	29.13
24.6	29.03
24.7	29.19
24.8	29.19
24.9	29.21
25.0	29.25
25.1	29.25
25.2	29.41
25.3	29.65
25.4	29.65
25.5	29.83
25.6	29.61
25.8	29.61
25.9	29.55
26.0	29.47
26.1	29.23
26.2	29.23
26.3	29.17
26.4	29.21
26.5	29.21
26.6	29.31
26.7	29.31
26.8	29.31
26.9	29.39
27.0	29.33
27.1	29.33
27.2	29.33
27.3	29.37
27.4	29.39
27.5	29.39
27.6	29.49
27.7	29.43
27.8	29.43
27.9	29.47
28.0	29.47
28.1	29.47
28.2	29.53
28.3	29.43
28.4	29.43
28.5	29.45
28.7	29.53
28.8	29.53
28.9	29.53
29.0	29.39
29.1	29.45
29.2	29.45
29.3	29.43
29.4	29.45
29.5	29.45
29.6	29.55
29.7	29.65
29.8	29.67
29.9	29.67
30.0	29.57
30.1	29.53
30.2	29.53
30.3	29.47
30.4	29.31
30.5	29.31
30.6	29.55
30.7	29.55
30.8	29.55
30.9	29.65
31.0	29.55
31.1	29.63
31.2	29.63
31.3	29.41
31.5	29.55
31.6	29.55
31.7	29.97
31.8	30.05
31.9	30.05
32.0	30.51
32.1	30.43
32.2	30.43
32.3	30.27
32.4	29.89
32.5	30.03
32.6	30.03
32.7	30.15
32.8	30.07
32.9	30.07
33.0	30.25
33.1	30.41
33.2	30.41
33.3	30.51
33.4	30.47
33.5	30.47
33.6	30.31
33.7	30.73
33.8	31.01
33.9	31.01
34.0	31.03
34.1	31.27
34.2	31.27
34.3	31.37
34.4	31.31
34.5	31.31
34.6	31.35
34.7	31.61
34.8	31.37
34.9	31.37
35.1	30.71
35.2	29.41
35.3	29.41
35.4	29.07
35.5	29.09
35.6	29.09
35.7	29.25
35.8	29.27
35.9	29.27
36.0	29.45
36.1	29.55
36.2	29.37
36.3	29.37
36.4	29.41
36.5	29.39
36.6	29.39
36.7	29.35
36.8	29.35
36.9	29.35
37.0	29.25
37.1	29.23
37.2	29.23
37.3	29.17
37.4	29.01
37.5	28.97
37.6	28.97
37.7	28.99
37.8	28.97
38.0	28.97
38.1	28.93
38.2	28.89
38.3	28.89
38.4	28.97
38.5	28.97
38.6	28.97
38.7	28.93
38.8	28.85
38.9	28.83
39.0	28.83
39.1	28.85
39.2	28.95
39.3	28.95
39.4	28.87
39.5	28.99
39.6	28.99
39.7	28.93
39.8	28.97
39.9	28.99
40.0	28.99
40.1	28.95
40.2	28.95
40.3	28.95
40.4	28.99
40.5	28.97
40.6	28.97
40.7	28.95
40.8	28.99
41.0	28.99
41.1	28.97
41.2	28.89
41.3	28.95
41.4	28.95
41.5	28.89
41.6	28.87
41.7	28.87
41.8	28.91
41.9	28.99
42.0	28.99
42.1	28.97
42.2	29.01
42.3	29.01
42.4	28.95
42.5	28.97
42.6	29.01
42.7	29.01
42.8	28.97
42.9	28.97
43.0	28.97
43.1	29.11
43.2	29.15
43.3	29.15
